[43.659766582, -79.396479931],
[43.659792859, -79.396483284],
[43.659817795, -79.396453109],
[43.65978498, -79.396449253],
[43.659681045, -79.396449085],
[43.659626311, -79.396448499],
[43.659633435, -79.396453025],
[43.659615708, -79.396460736],
[43.659611433, -79.396455791],
[43.659603219, -79.396447912],
[43.659594459, -79.396442967],
[43.65958482, -79.3964516],
[43.659586455, -79.396463754],
[43.659584359, -79.396476578],
[43.659582431, -79.396492085],
[43.659580923, -79.396511866],
[43.659573672, -79.396527121],
[43.659563069, -79.396541705],
[43.659545342, -79.396550087],
[43.65952753, -79.396556122],
[43.6596200096, -79.3964836943],
[43.6596049536, -79.3964879062],
[43.659587668, -79.396494004],
[43.6595712311, -79.3965005545],
[43.6595592555, -79.3965070043],
[43.6595493522, -79.3965132698],
[43.6595383908, -79.3965190784],
[43.6595275132, -79.396524225],
[43.6595161892, -79.3965295307],
[43.6595048946, -79.3965352053],
[43.6594936796, -79.3965411187],
[43.6594825233, -79.3965466465],
[43.6594708578, -79.3965516757],
[43.6594588298, -79.3965562396],
[43.6594464875, -79.3965601623],
[43.65943377, -79.3965631672],
[43.6594209499, -79.3965653465],
[43.6594083897, -79.3965667799],
[43.6593965125, -79.3965678486],
[43.6593852849, -79.3965686574],
[43.6593744304, -79.3965693238],
[43.6593638964, -79.3965695543],
[43.6593537774, -79.3965693029],
[43.6593438406, -79.3965685988],
[43.6593340505, -79.3965676056],
[43.6593244994, -79.3965666626],
[43.6593152059, -79.3965659502],
[43.6593061975, -79.3965656987],
[43.6592973587, -79.3965658328],
[43.6592883461, -79.3965662267],
[43.6592789625, -79.3965666375],
[43.6592691829, -79.3965667632],
[43.659258936, -79.396566055],
[43.6592484062, -79.3965642277],
[43.6592376418, -79.3965613108],
[43.6592266468, -79.3965573336],
[43.6592154884, -79.3965526146],
[43.6592039968, -79.3965472669],
[43.6591923753, -79.3965412235],
[43.6591806008, -79.3965345222],
[43.6591687886, -79.3965271042],
[43.6591569136, -79.3965192043],
[43.6591444329, -79.3965113295],
[43.6591314012, -79.396503987],
[43.6591181746, -79.3964971557],
[43.6591047111, -79.3964902742],
[43.6590910193, -79.396483225],
[43.6590771933, -79.3964758782],
[43.6590632521, -79.3964681543],
[43.6590492146, -79.3964597473],
[43.6590355877, -79.3964507032],
[43.6590227529, -79.3964415585],
[43.659010421, -79.3964327114],
[43.6589981939, -79.3964244594],
[43.6589860653, -79.3964167565],
[43.6589742363, -79.3964096025],
[43.6589627762, -79.3964027293],
[43.6589516974, -79.3963958017],
[43.6589407464, -79.3963888448],
[43.6589299715, -79.3963817411],
[43.6589194627, -79.3963746039],
[43.6589093416, -79.3963674834],
[43.6588999769, -79.3963599397],
[43.6588910397, -79.3963516919],
[43.6588821024, -79.3963430711],
[43.6588732868, -79.3963346389],
[43.6588647079, -79.3963263325],
[43.6588563407, -79.3963179254],
[43.6588482271, -79.3963093842],
[43.6588404172, -79.3963012244],
[43.6588324544, -79.3962936136],
[43.6588240348, -79.3962862501],
[43.6588156634, -79.3962792596],
[43.6588076754, -79.3962725332],
[43.6588001443, -79.3962661042],
[43.6587928227, -79.3962596166],
[43.6587859894, -79.3962530788],
[43.6587795856, -79.396246369],
[43.6587735129, -79.3962391815],
[43.6587677503, -79.3962316756],
[43.6587623545, -79.3962239433],
[43.6587573023, -79.3962157206],
[43.6587526419, -79.3962070118],
[43.6587487108, -79.3961976157],
[43.6587456556, -79.396187461],
[43.6587432667, -79.3961763802],
[43.6587415652, -79.396164524],
[43.6587405593, -79.3961520601],
[43.6587401717, -79.3961389718],
[43.658740354, -79.396125062],
[43.6587411985, -79.396110226],
[43.6587427512, -79.396094489],
[43.6587448635, -79.3960778216],
[43.6587473927, -79.3960603327],
[43.6587500896, -79.3960420853],
[43.6587530358, -79.3960234901],
[43.6587558752, -79.3960046769],
[43.6587588025, -79.3959860942],
[43.6587620359, -79.3959681108],
[43.6587655772, -79.3959507351],
[43.65876937, -79.3959337492],
[43.6587733871, -79.3959171405],
[43.6587775424, -79.3959010766],
[43.6587817418, -79.395885809],
[43.6587858426, -79.3958715849],
[43.6587899393, -79.3958583289],
[43.6587940506, -79.3958462506],
[43.6587980257, -79.3958352368],
[43.6588013743, -79.3958250863],
[43.6588042367, -79.3958157782],
[43.6588065417, -79.3958073921],
[43.6588081196, -79.3957998945],
[43.6588089536, -79.3957934655],
[43.6588091065, -79.3957880969],
[43.6588088844, -79.3957837803],
[43.6588083144, -79.395780461],
[43.6588075475, -79.3957781099],
[43.6588061938, -79.395776291],
[43.6588040166, -79.3957747865],
[43.6588009552, -79.3957734118],
[43.6587969528, -79.3957721042],
[43.6587919635, -79.3957707296],
[43.6587860542, -79.3957690155],
[43.6587792775, -79.395766656],
[43.6587718071, -79.395763014],
[43.6587641021, -79.395758295],
[43.6587563236, -79.3957522182],
[43.6587487716, -79.3957448421],
[43.6587419948, -79.3957364769],
[43.6587358362, -79.3957271562],
[43.6587303084, -79.3957168884],
[43.6587255055, -79.3957057195],
[43.6587214759, -79.3956934191],
[43.6587182322, -79.3956799661],
[43.6587155793, -79.3956652936],
[43.6587134273, -79.3956494266],
[43.6587115057, -79.395632382],
[43.6587100012, -79.3956147256],
[43.6587090184, -79.3955965788],
[43.6587087376, -79.3955780213],
[43.658709383, -79.3955591913],
[43.6587110636, -79.3955400806],
[43.6587138757, -79.3955207226],
[43.6587178236, -79.3955012472],
[43.6587225824, -79.395481994],
[43.6587274795, -79.3954629084],
[43.658732165, -79.3954441203],
[43.6587365634, -79.3954257053],
[43.6587406684, -79.3954075082],
[43.6587445911, -79.3953895374],
[43.65874856, -79.3953716588],
[43.6587527887, -79.3953538054],
[43.6587573296, -79.3953361322],
[43.6587621387, -79.3953186224],
[43.6587671825, -79.3953014646],
[43.6587723876, -79.3952848433],
[43.6587777018, -79.3952688884],
[43.6587830892, -79.3952532645],
[43.6587884432, -79.3952377831],
[43.6587935938, -79.3952223939],
[43.6587983317, -79.3952069419],
[43.6588026735, -79.3951916533],
[43.6588065962, -79.3951768634],
[43.6588099804, -79.3951624381],
[43.6588130649, -79.3951486709],
[43.6588161243, -79.3951355783],
[43.6588192277, -79.3951230432],
[43.6588224778, -79.3951112289],
[43.6588256797, -79.3951001606],
[43.6588288334, -79.3950898257],
[43.6588314611, -79.3950802075],
[43.65883337, -79.3950714065],
[43.6588345309, -79.3950634772],
[43.658835103, -79.3950565369],
[43.6588350045, -79.3950504684],
[43.658834357, -79.395044752],
[43.6588332694, -79.3950391193],
[43.6588319074, -79.3950336669],
[43.6588303169, -79.3950286419],
[43.6588286343, -79.3950243294],
[43.6588270333, -79.3950207085],
[43.658825885, -79.3950175192],
[43.6588248436, -79.3950149418],
[43.6588239216, -79.3950131606],
[43.6588231672, -79.3950118572],
[43.6588223626, -79.3950106879],
[43.6588215516, -79.3950095983],
[43.6588211137, -79.3950086679],
[43.6588207805, -79.3950075112],
[43.6588205395, -79.3950061365],
[43.65882055, -79.3950050134],
[43.6588210592, -79.3950045691],
[43.6588219372, -79.3950039782],
[43.6588227062, -79.395002964],
[43.6588234229, -79.3950015768],
[43.6588238797, -79.3949995484],
[43.6588237833, -79.3949954287],
[43.6588232154, -79.3949895488],
[43.6588229828, -79.3949833001],
[43.6588232615, -79.3949771562],
[43.6588238147, -79.394971578],
[43.6588236973, -79.394966486],
[43.6588233411, -79.3949611803],
[43.658822857, -79.3949559961],
[43.6588225175, -79.3949508286],
[43.6588224358, -79.3949455983],
[43.6588222598, -79.394940477],
[43.6588212686, -79.3949353305],
[43.6588198919, -79.3949310432],
[43.6588178048, -79.3949275731],
[43.6588154264, -79.3949242622],
[43.6588126499, -79.3949203479],
[43.6588095256, -79.3949166137],
[43.6588065123, -79.3949135376],
[43.6588037903, -79.3949108093],
[43.6588018666, -79.3949090281],
[43.6588004543, -79.3949080265],
[43.6587991341, -79.3949097028],
[43.6587972985, -79.3949121839],
[43.6587946058, -79.3949151594],
[43.6587914374, -79.3949186672],
[43.658788399, -79.3949225061],
[43.6587858362, -79.3949269108],
[43.6587837785, -79.3949315418],
[43.6587821294, -79.3949360093],
[43.6587802665, -79.3949408247],
[43.6587785377, -79.3949453593],
[43.6587770793, -79.3949496425],
[43.6587762893, -79.3949539843],
[43.658776788, -79.3949588248],
[43.6587779783, -79.3949643611],
[43.658779487, -79.394970132],
[43.6587812346, -79.3949756683],
[43.6587831331, -79.3949804921],
[43.6587849352, -79.3949847082],
[43.6587859034, -79.3949884717],
[43.6587865593, -79.3949936307],
[43.6587869512, -79.3949980354],
[43.6587873996, -79.3950023856],
[43.6587883049, -79.3950061868],
[43.6587894888, -79.3950086134],
[43.6587909955, -79.3950103987],
[43.6587923785, -79.3950117943],
[43.6587935016, -79.3950127708],
[43.658794038, -79.3950136132],
[43.6587943272, -79.3950138647],
[43.6587942287, -79.395013257],
[43.6587939563, -79.3950116435],
[43.658793751, -79.3950089613],
[43.658793072, -79.3950050679],
[43.6587916848, -79.3950002315],
[43.6587898324, -79.3949950682],
[43.6587875861, -79.3949903073],
[43.658785149, -79.3949863468],
[43.6587828398, -79.394983124],
[43.6587810524, -79.3949804292],
[43.6587796337, -79.3949783169],
[43.6587791434, -79.3949764687],
[43.6587789212, -79.3949744194],
[43.6587786635, -79.3949727723],
[43.6587782884, -79.3949719635],
[43.6587777226, -79.3949718294],
[43.658777096, -79.394971863],
[43.6587764967, -79.3949720431],
[43.6587757361, -79.3949728059],
[43.6587750676, -79.3949743314],
[43.6587746129, -79.394977307],
[43.6587742587, -79.3949808693],
[43.6587731083, -79.3949841843],
[43.6587714424, -79.3949860493],
[43.6587700154, -79.3949877299],
[43.6587687225, -79.3949893141],
[43.6587672368, -79.3949910198],
[43.6587659774, -79.3949917491],
[43.6587648878, -79.3949912504],
[43.6587637562, -79.3949906007],
[43.6587628174, -79.3949893226],
[43.6587617718, -79.3949878725],
[43.6587606172, -79.3949865607],
[43.6587592908, -79.3949844568],
[43.6587577737, -79.3949811125],
[43.6587559569, -79.394976582],
[43.6587537022, -79.3949718001],
[43.6587509006, -79.3949675379],
[43.6587479921, -79.3949636906],
[43.6587450794, -79.3949601451],
[43.6587424181, -79.3949569474],
[43.6587401445, -79.3949543532],
[43.6587379799, -79.3949533306],
[43.6587355701, -79.3949545921],
[43.6587325338, -79.3949567546],
[43.6587300632, -79.3949579196],
[43.6587284225, -79.3949583429],
[43.6587269724, -79.3949590805],
[43.6587255998, -79.3949606311],
[43.6587244305, -79.3949618759],
[43.6587236049, -79.394963196],
[43.6587228736, -79.3949643695],
[43.6587223392, -79.3949657441],
[43.6587219369, -79.3949674792],
[43.6587220416, -79.3949698596],
[43.6587228358, -79.3949724538],
[43.658724464, -79.3949750145],
[43.6587266642, -79.3949775836],
[43.6587291117, -79.3949795324],
[43.6587317143, -79.3949810453],
[43.6587342352, -79.3949819841],
[43.6587367078, -79.3949827468],
[43.6587398992, -79.3949825918],
[43.65874413, -79.3949817242],
[43.658749465, -79.3949803245],
[43.6587544606, -79.3949805131],
[43.6587591252, -79.394981213],
[43.6587625974, -79.3949819129],
[43.658765837, -79.394983321],
[43.6587688545, -79.3949851315],
[43.6587719495, -79.3949862421],
[43.6587761593, -79.3949866947],
[43.6587813373, -79.3949867827],
[43.6587878521, -79.3949870048],
[43.6587949914, -79.3949876041],
[43.6588016488, -79.3949887859],
[43.6588079918, -79.3949899258],
[43.6588143851, -79.3949902779],
[43.6588208978, -79.3949906215],
[43.6588273267, -79.3949907221],
[43.6588334749, -79.3949905712],
[43.6588392228, -79.3949902988],
[43.6588442373, -79.3949906299],
[43.6588486064, -79.3949912795],
[43.6588522839, -79.3949920381],
[43.6588563764, -79.3949929727],
[43.6588608041, -79.3949938109],
[43.6588664158, -79.3949947371],
[43.6588726687, -79.394995437],
[43.658879217, -79.3949960405],
[43.6588856355, -79.3949974402],
[43.6588910208, -79.3949997244],
[43.6588955722, -79.3950021719],
[43.6588989375, -79.395004653],
[43.6589013452, -79.3950073519],
[43.6589039708, -79.3950100509],
[43.6589068668, -79.3950131271],
[43.6589100561, -79.3950165469],
[43.658913698, -79.395019929],
[43.6589176899, -79.3950235333],
[43.6589220255, -79.3950275356],
[43.6589266691, -79.3950324223],
[43.658931168, -79.3950366384],
[43.6589353883, -79.3950405863],
[43.6589398475, -79.3950443791],
[43.6589434706, -79.395047648],
[43.6589463037, -79.3950508751],
[43.6589479507, -79.3950540057],
[43.6589481833, -79.3950566502],
[43.6589474897, -79.3950589133],
[43.6589463351, -79.3950609585],
[43.6589447803, -79.395062769],
[43.6589429384, -79.395064437],
[43.6589410336, -79.3950661092],
[43.6589392231, -79.395067509],
[43.6589372932, -79.3950687705],
[43.6589336952, -79.3950687621],
[43.6589294226, -79.3950681627],
[43.6589232849, -79.3950667294],
[43.6589169817, -79.3950651243],
[43.6589108399, -79.3950632928],
[43.6589049432, -79.3950606316],
[43.6588996207, -79.3950579955],
[43.6588949708, -79.3950554557],
[43.6588904886, -79.3950527148],
[43.6588865239, -79.3950496387],
[43.6588831062, -79.3950462188],
[43.6588804806, -79.3950424092],
[43.6588783621, -79.3950381931],
[43.6588766941, -79.3950341907],
[43.6588749884, -79.3950305446],
[43.6588725744, -79.3950290442],
[43.6588705313, -79.3950287466],
[43.6588681362, -79.3950284826],
[43.6588656342, -79.3950282646],
[43.6588631049, -79.3950281054],
[43.6588616444, -79.3950289729],
[43.6588602069, -79.3950300458],
[43.6588600916, -79.3950319318],
[43.6588598444, -79.3950340314],
[43.6588594148, -79.3950358922],
[43.6588587484, -79.3950376105],
[43.6588579941, -79.3950390438],
[43.6588570176, -79.3950400832],
[43.6588561333, -79.3950413027],
[43.658855402, -79.3950435616],
[43.658854855, -79.3950470527],
[43.6588543542, -79.3950519101],
[43.6588536669, -79.3950580708],
[43.6588527407, -79.3950650487],
[43.6588515358, -79.3950726386],
[43.6588505781, -79.3950790675],
[43.6588487592, -79.395085333],
[43.6588464814, -79.3950920134],
[43.6588434346, -79.3950991129],
[43.6588393862, -79.3951066776],
[43.6588345058, -79.3951147745],
[43.6588289633, -79.3951237305],
[43.6588227271, -79.3951334661],
[43.6588159776, -79.3951437381],
[43.6588087147, -79.3951550034],
[43.6588010012, -79.3951674338],
[43.6587929232, -79.3951811256],
[43.6587845685, -79.3951960412],
[43.658775801, -79.3952119837],
[43.6587665935, -79.3952284625],
[43.65875699, -79.3952452388],
[43.6587472397, -79.395262317],
[43.6587375146, -79.3952797053],
[43.6587277937, -79.3952973701],
[43.6587182404, -79.3953153325],
[43.6587091125, -79.3953334793],
[43.6587002927, -79.3953516597],
[43.6586919883, -79.3953700286],
[43.6586840842, -79.3953887076],
[43.6586767731, -79.3954078268],
[43.6586701178, -79.3954273691],
[43.6586641751, -79.395447117],
[43.6586588128, -79.3954669528],
[43.6586539722, -79.395486776],
[43.6586495529, -79.3955065489],
[43.658645364, -79.3955264307],
[43.6586413533, -79.395546409],
[43.6586374787, -79.3955664501],
[43.6586337551, -79.3955863865],
[43.6586300859, -79.3956061426],
[43.6586265278, -79.3956256934],
[43.6586231184, -79.39564511],
[43.6586199249, -79.3956644303],
[43.6586171023, -79.3956837213],
[43.6586145438, -79.3957030457],
[43.6586120774, -79.3957221858],
[43.6586097619, -79.3957411038],
[43.6586076078, -79.3957601349],
[43.6586056946, -79.3957792582],
[43.6586039973, -79.395798415],
[43.6586025032, -79.3958174587],
[43.6586009924, -79.3958362677],
[43.6585993914, -79.3958548085],
[43.6585974636, -79.3958732948],
[43.6585952654, -79.3958918188],
[43.6585929436, -79.3959101752],
[43.6585906155, -79.3959283974],
[43.6585883797, -79.3959465778],
[43.6585862611, -79.3959648377],
[43.6585842956, -79.3959830726],
[43.6585824557, -79.3960012613],
[43.6585807039, -79.3960192027],
[43.6585791826, -79.3960364946],
[43.6585778164, -79.3960528645],
[43.6585764962, -79.3960683417],
[43.6585752159, -79.3960830854],
[43.6585740948, -79.3960970539],
[43.6585730743, -79.3961101213],
[43.6585721858, -79.3961223337],
[43.6585714545, -79.396133775],
[43.6585708007, -79.3961445667],
[43.6585705136, -79.3961549561],
[43.658570983, -79.3961652113],
[43.6585725693, -79.3961753031],
[43.6585753604, -79.3961850723],
[43.658579214, -79.3961943468],
[43.6585840693, -79.3962030388],
[43.6585897061, -79.3962111274],
[43.6585960743, -79.3962185454],
[43.6586030795, -79.3962253347],
[43.6586106337, -79.3962316254],
[43.65861885, -79.3962376604],
[43.6586276133, -79.3962436995],
[43.658636825, -79.3962500195],
[43.6586465249, -79.3962566329],
[43.6586567257, -79.3962635312],
[43.6586674063, -79.3962707522],
[43.6586788119, -79.3962783085],
[43.6586909238, -79.3962860492],
[43.6587037816, -79.3962938108],
[43.6587174336, -79.3963017275],
[43.6587315236, -79.3963097951],
[43.6587454753, -79.3963179549],
[43.6587588234, -79.3963263955],
[43.6587712454, -79.3963352635],
[43.6587827663, -79.396344668],
[43.658793646, -79.3963546383],
[43.6588040899, -79.3963649564],
[43.6588142886, -79.3963755302],
[43.658824481, -79.3963863009],
[43.6588347237, -79.3963970381],
[43.6588449831, -79.3964076873],
[43.6588552049, -79.3964182737],
[43.6588653679, -79.3964287259],
[43.6588754786, -79.3964390524],
[43.6588855264, -79.3964493621],
[43.6588953919, -79.3964597389],
[43.6589050772, -79.3964701702],
[43.6589146263, -79.3964810205],
[43.6589240287, -79.3964922942],
[43.65893345, -79.3965038822],
[43.6589430871, -79.396515533],
[43.6589532879, -79.3965267563],
[43.658964417, -79.3965371582],
[43.6589765288, -79.3965466675],
[43.6589894265, -79.3965552632],
[43.6590027055, -79.3965629452],
[43.6590161501, -79.3965700823],
[43.6590295024, -79.3965770855],
[43.6590425321, -79.3965840089],
[43.6590552264, -79.3965909282],
[43.6590675415, -79.3965974241],
[43.6590799048, -79.3966035597],
[43.6590927438, -79.3966094689],
[43.6591060564, -79.3966147118],
[43.6591198886, -79.3966189782],
[43.6591341337, -79.3966222639],
[43.6591486511, -79.3966247868],
[43.6591634619, -79.3966265093],
[43.6591783692, -79.396627666],
[43.6591933329, -79.3966283785],
[43.6592083596, -79.3966287473],
[43.6592232961, -79.3966290449],
[43.6592379016, -79.3966294346],
[43.6592522011, -79.3966299585],
[43.6592661276, -79.3966307715],
[43.6592795868, -79.3966317815],
[43.6592924698, -79.3966327706],
[43.6593050092, -79.3966332903],
[43.6593170058, -79.3966333447],
[43.6593285225, -79.3966330053],
[43.6593395573, -79.3966326868],
[43.6593493474, -79.396632406],
[43.6593575155, -79.396632033],
[43.6593641058, -79.3966315971],
[43.6593691098, -79.3966311654],
[43.6593727099, -79.3966306164],
[43.6593748724, -79.3966296567],
[43.6593755849, -79.3966281019],
[43.6593751407, -79.3966256795],
[43.6593734727, -79.3966223267],
[43.6593703944, -79.396617725],
[43.6593665702, -79.396613203],
[43.6593618826, -79.3966092174],
[43.6593564072, -79.396605542],
[43.6593500579, -79.3966017324],
[43.6593429249, -79.3965982287],
[43.6593352429, -79.3965956806],
[43.6593270579, -79.3965945155],
[43.659318588, -79.3965949137],
[43.6593099777, -79.3965964476],
[43.6593012207, -79.3965992555],
[43.6592922312, -79.3966033668],
[43.6592828078, -79.396609142],
[43.6592732985, -79.396616275],
[43.6592640952, -79.3966241456],
[43.6592551307, -79.3966324227],
[43.6592464387, -79.3966409471],
[43.6592380086, -79.3966499325],
[43.6592301044, -79.396659886],
[43.6592226404, -79.3966707406],
[43.6592157525, -79.3966828315],
[43.6592088144, -79.3966948511],
[43.6592020502, -79.3967064098],
[43.6591954515, -79.3967177128],
[43.6591895088, -79.39673635],
[43.659185848, -79.3967535538],
[43.6591824156, -79.3967689598],
[43.6591800477, -79.3967825133],
[43.6591783986, -79.3967943318],
[43.6591770805, -79.3968047924],
[43.6591758044, -79.3968140502],
[43.6591750626, -79.3968220214],
[43.6591750689, -79.3968285048],
[43.6591756556, -79.3968339614],
[43.659176454, -79.3968392127],
[43.6591776191, -79.396844925],
[43.6591790273, -79.3968511779],
[43.6591806555, -79.3968576865],
[43.6591822439, -79.396863294],
[43.6591839915, -79.3968677029],
[43.659185913, -79.3968710682],
[43.6591879687, -79.396873499],
[43.6591900998, -79.3968750329],
[43.6591923755, -79.3968757411],
[43.6591950745, -79.3968681261],
[43.659195634, -79.3968600753],
[43.6591961935, -79.3968520119],
[43.6591969918, -79.3968451304],
[43.6591984545, -79.3968386931],
[43.6592009565, -79.3968323941],
[43.6592048205, -79.3968261579],
[43.659209923, -79.39682019],
[43.6592164755, -79.3968147082],
[43.6592242267, -79.3968095785],
[43.6592330612, -79.3968044194],
[43.6592429372, -79.3967987281],
[43.6592537037, -79.3967926009],
[43.6592654216, -79.3967862684],
[43.6592780468, -79.3967808453],
[43.6592911352, -79.3967768136],
[43.6593045064, -79.3967739261],
[43.6593184204, -79.396772082],
[43.6593329357, -79.396771248],
[43.6593478702, -79.3967711768],
[43.6593625909, -79.3967720276],
[43.659378219, -79.3967742446],
[43.6593946328, -79.3967772327],
[43.6594103196, -79.3967794916],
[43.6594252519, -79.3967814739],
[43.6594395032, -79.3967836239],
[43.659453017, -79.3967856565],
[43.6594661011, -79.3967873999],
[43.6594788919, -79.3967887075],
[43.6594914417, -79.3967898306],
[43.6595039203, -79.3967910376],
[43.6595161977, -79.3967924416],
[43.659528144, -79.3967941851],
[43.6595396523, -79.3967961422],
[43.6595504105, -79.3967980156],
[43.6595606197, -79.3967997297],
[43.6595705292, -79.396801427],
[43.6595796445, -79.3968028184],
[43.6595879195, -79.3968038326],
[43.659595503, -79.3968044487],
[43.6596027261, -79.3968043397],
[43.6596094652, -79.3968034638],
[43.6596156783, -79.3968014773],
[43.6596214932, -79.3967984137],
[43.6596266376, -79.3967943108],
[43.6596312414, -79.3967901282],
[43.6596353946, -79.3967860337],
[43.6596391518, -79.39678152],
[43.6596421672, -79.396775858],
[43.6596443339, -79.3967692908],
[43.6596455158, -79.396762162],
[43.6596457568, -79.3967546351],
[43.6596454466, -79.3967466471],
[43.6596447111, -79.3967381102],
[43.6596438122, -79.3967290158],
[43.6596427791, -79.3967192216],
[43.6596415072, -79.3967086813],
[43.6596402646, -79.3966976884],
