[43.659766582, -79.396479931],
[43.659792859, -79.396483284],
[43.659817795, -79.396453109],
[43.65978498, -79.396449253],
[43.659681045, -79.396449085],
[43.659626311, -79.396448499],
[43.659633435, -79.396453025],
[43.659615708, -79.396460736],
[43.659611433, -79.396455791],
[43.659603219, -79.396447912],
[43.659594459, -79.396442967],
[43.65958482, -79.3964516],
[43.659586455, -79.396463754],
[43.659584359, -79.396476578],
[43.659582431, -79.396492085],
[43.659580923, -79.396511866],
[43.659573672, -79.396527121],
[43.659563069, -79.396541705],
[43.659545342, -79.396550087],
[43.65952753, -79.396556122],
[43.659510347, -79.396559307],
[43.659491739, -79.396567522],
[43.659472084, -79.396575065],
[43.659456242, -79.396580262],
[43.659441532, -79.396578083],
[43.659428246, -79.396573808],
[43.659414207, -79.396569198],
[43.659398155, -79.396563666],
[43.659384954, -79.396561906],
[43.659377326, -79.396561403],
[43.65937016, -79.396561235],
[43.659361694, -79.396562157],
[43.659353145, -79.396564337],
[43.659343799, -79.396567857],
[43.659335584, -79.396570539],
[43.659326574, -79.396571964],
[43.65931727, -79.396570707],
[43.659311864, -79.396570372],
[43.659307798, -79.396571461],
[43.659302979, -79.396572299],
[43.659293256, -79.396572635],
[43.65928106, -79.396572132],
[43.659269703, -79.396570036],
[43.659257507, -79.396566181],
[43.65924573, -79.396558218],
[43.659237223, -79.396554949],
[43.659228338, -79.396554949],
[43.659217986, -79.396558637],
[43.659208179, -79.396564588],
[43.659197073, -79.396569282],
[43.659182489, -79.39656945],
[43.659166102, -79.396564672],
[43.659148207, -79.396550171],
[43.659133203, -79.396531312],
[43.659120295, -79.396512201],
[43.659106675, -79.39649242],
[43.659094102, -79.396476327],
[43.659082032, -79.396463418],
[43.659075368, -79.396450594],
[43.659067489, -79.396438273],
[43.659057012, -79.396424275],
[43.659043559, -79.396414133],
[43.65902009, -79.39641254],
[43.658996872, -79.39641933],
[43.658981198, -79.396421593],
[43.658967954, -79.396417318],
[43.658954501, -79.396413965],
[43.658941467, -79.396411702],
[43.658929355, -79.39641011],
[43.658916322, -79.396401141],
[43.658909951, -79.396388568],
[43.658909407, -79.396381779],
[43.658901569, -79.396373229],
[43.658888661, -79.396366272],
[43.658877723, -79.396358142],
[43.658870095, -79.396349341],
[43.658864899, -79.396338863],
[43.658860456, -79.396324866],
[43.658856349, -79.396311455],
[43.658851991, -79.396296199],
[43.658846836, -79.396281531],
[43.658841136, -79.396271724],
[43.658832796, -79.396261666],
[43.658818128, -79.396254374],
[43.658802453, -79.396249177],
[43.658791641, -79.396248674],
[43.658782924, -79.396247836],
[43.658774123, -79.396243561],
[43.658767082, -79.396239286],
[43.658760125, -79.396237945],
[43.658750695, -79.396236353],
[43.658741014, -79.396234509],
[43.658734141, -79.396233419],
[43.658728902, -79.396231743],
[43.6587271, -79.396229563],
[43.658723664, -79.396219589],
[43.658728232, -79.396208106],
[43.658732381, -79.396190671],
[43.658734895, -79.396167705],
[43.658736739, -79.39614608],
[43.658738919, -79.396126885],
[43.658740092, -79.396107271],
[43.658739589, -79.39608749],
[43.658739505, -79.396066452],
[43.658741349, -79.396046083],
[43.658743864, -79.396027057],
[43.658748893, -79.396010712],
[43.658754006, -79.395994283],
[43.658759329, -79.39597752],
[43.658763771, -79.39595975],
[43.658767585, -79.395939633],
[43.658772069, -79.395919768],
[43.658776386, -79.395900071],
[43.658779487, -79.395881966],
[43.658781038, -79.395864615],
[43.658782588, -79.395847684],
[43.658785019, -79.395831842],
[43.658790928, -79.395819018],
[43.658799562, -79.395808037],
[43.658807566, -79.395798566],
[43.658814775, -79.395787167],
[43.658820433, -79.395775097],
[43.658822696, -79.395766212],
[43.658823492, -79.395761099],
[43.658823366, -79.395761602],
[43.658825797, -79.395761937],
[43.65883112, -79.395769145],
[43.658833508, -79.395774007],
[43.6588263, -79.39577451],
[43.658821019, -79.395773588],
[43.658813685, -79.395771911],
[43.658803627, -79.395769816],
[43.658793066, -79.395771492],
[43.658782546, -79.395774594],
[43.658776595, -79.395778282],
[43.658771189, -79.395781299],
[43.65876968, -79.39578482],
[43.658763855, -79.39578264],
[43.658756018, -79.395777946],
[43.658746337, -79.395771073],
[43.658734728, -79.395761015],
[43.658720646, -79.395747604],
[43.658704511, -79.39573193],
[43.658687957, -79.395713909],
[43.658673959, -79.395688763],
[43.658671696, -79.395667557],
[43.658675551, -79.395647608],
[43.658682467, -79.395626485],
[43.658690765, -79.395607207],
[43.658697847, -79.395587174],
[43.658703128, -79.395566555],
[43.65870757, -79.395546438],
[43.658712474, -79.395525483],
[43.658717671, -79.395505535],
[43.658723538, -79.395484831],
[43.658728148, -79.39546396],
[43.658731249, -79.395443928],
[43.658733764, -79.395429511],
[43.658736362, -79.39541501],
[43.658740721, -79.395399923],
[43.658747636, -79.395384416],
[43.658754258, -79.395365389],
[43.658760754, -79.39534477],
[43.658766914, -79.395324402],
[43.658769135, -79.395303698],
[43.658769638, -79.395285845],
[43.658769261, -79.395271847],
[43.658770435, -79.395258185],
[43.658772865, -79.395243265],
[43.658776302, -79.395227758],
[43.658782505, -79.395208983],
[43.658792144, -79.395189369],
[43.658803292, -79.395172019],
[43.658813853, -79.395155339],
[43.658824414, -79.395141676],
[43.658832251, -79.395131534],
[43.658837532, -79.395124829],
[43.658841513, -79.395117033],
[43.658843441, -79.395105383],
[43.658843734, -79.395092139],
[43.658842393, -79.395075375],
[43.658841094, -79.395059617],
[43.658839208, -79.395048972],
[43.658834598, -79.395035897],
[43.658830826, -79.395028353],
[43.658830826, -79.395023994],
[43.658831329, -79.395021144],
[43.658835436, -79.395021899],
[43.658836903, -79.395021899],
[43.658839376, -79.395021061],
[43.658835059, -79.395016618],
[43.658830323, -79.395013349],
[43.65882651, -79.395013433],
[43.658825294, -79.395016534],
[43.658822444, -79.395020306],
[43.658819301, -79.395017205],
[43.658815781, -79.395012176],
[43.658814272, -79.395007985],
[43.658811632, -79.395004883],
[43.658810081, -79.395005889],
[43.658810374, -79.395002956],
[43.658818128, -79.394995831],
[43.658818379, -79.394997424],
[43.658816158, -79.395000273],
[43.658815739, -79.395002285],
[43.658814733, -79.395000609],
[43.65881511, -79.394999351],
[43.658826677, -79.395003291],
[43.658830239, -79.394998765],
[43.658834556, -79.394993568],
[43.658835269, -79.394994155],
[43.658840507, -79.395004464],
[43.65884407, -79.395001615],
[43.658840675, -79.39499625],
[43.658836777, -79.394992562],
[43.658828437, -79.394976636],
[43.658813853, -79.394929782],
[43.658802914, -79.394890387],
[43.65880698, -79.394879909],
[43.658815655, -79.394883011],
[43.658821438, -79.394891393],
[43.658815781, -79.394893991],
[43.658811254, -79.394891309],
[43.658806477, -79.394896589],
[43.658808949, -79.394898936],
[43.658813098, -79.394896003],
[43.65881159, -79.394896925],
[43.658806854, -79.394900361],
[43.658802705, -79.394913018],
[43.658792814, -79.394924166],
[43.658787701, -79.394927938],
[43.658784977, -79.394926177],
[43.658781583, -79.394926932],
[43.658780409, -79.394934727],
[43.658782337, -79.394937996],
[43.658789964, -79.394941013],
[43.658785606, -79.394909749],
[43.658776511, -79.394923914],
[43.658770267, -79.39492953],
[43.658761801, -79.394942522],
[43.658758071, -79.394961549],
[43.658755012, -79.394970769],
[43.658759999, -79.394979402],
[43.658765322, -79.394989209],
[43.658775967, -79.394988287],
[43.658775841, -79.394992311],
[43.658777014, -79.394987617],
[43.658777685, -79.394986024],
[43.658786905, -79.394999854],
[43.658802789, -79.395020977],
[43.658811506, -79.395038663],
[43.658815152, -79.395041596],
[43.658816535, -79.395037657],
[43.658818379, -79.395031203],
[43.658818379, -79.395022318],
[43.658809327, -79.395016283],
[43.658798724, -79.39501293],
[43.658784349, -79.395012008],
[43.658779236, -79.395016534],
[43.658779906, -79.395018546],
[43.65878175, -79.39501008],
[43.658785145, -79.395006476],
[43.658787659, -79.395007314],
[43.658787785, -79.395008739],
[43.658786695, -79.395005135],
[43.658781624, -79.39499734],
[43.658775045, -79.394975463],
[43.658772237, -79.394953754],
[43.658782798, -79.39494621],
[43.65878921, -79.394943109],
[43.658783762, -79.394941935],
[43.658778104, -79.394938331],
[43.658771608, -79.394942438],
[43.658769638, -79.394951994],
[43.658772195, -79.394957861],
[43.658773578, -79.394962387],
[43.658770351, -79.394970685],
[43.658774542, -79.394975044],
[43.658774793, -79.394975547],
[43.658774751, -79.394985605],
[43.658774248, -79.394993903],
[43.658773829, -79.395003794],
[43.658775128, -79.395007985],
[43.658775799, -79.395012343],
[43.658771482, -79.39502039],
[43.658768255, -79.39502785],
[43.65876595, -79.395034975],
[43.658765154, -79.395025],
[43.65875979, -79.395012511],
[43.658755892, -79.394980408],
[43.658755221, -79.394975547],
[43.658752246, -79.394970015],
[43.658741894, -79.394976553],
[43.658744451, -79.394966578],
[43.658750402, -79.394947887],
[43.658750947, -79.394949395],
[43.658751575, -79.394945121],
[43.658753629, -79.394946043],
[43.658751701, -79.394949311],
[43.658748223, -79.394943528],
[43.658743906, -79.394927016],
[43.658737494, -79.394913185],
[43.658730034, -79.394912347],
[43.658719766, -79.394927099],
[43.658713312, -79.394943444],
[43.658710001, -79.394956939],
[43.658712725, -79.394971021],
[43.658719682, -79.394973116],
[43.658716497, -79.394992059],
[43.658707696, -79.395005638],
[43.658694495, -79.395018797],
[43.658702835, -79.394993316],
[43.658709079, -79.394985018],
[43.658715449, -79.39498133],
[43.658722951, -79.3949789],
[43.658727561, -79.39497429],
[43.658735063, -79.394971524],
[43.658739002, -79.394969512],
[43.658741014, -79.394976804],
[43.658740176, -79.394978229],
[43.658746001, -79.394974625],
[43.658753377, -79.394965069],
[43.658762598, -79.394963561],
[43.658763771, -79.39497848],
[43.658762262, -79.39498242],
[43.658762053, -79.394987198],
[43.658763142, -79.394989796],
[43.658769135, -79.394988371],
[43.658780325, -79.394988958],
[43.658792311, -79.394988287],
[43.658801196, -79.394990802],
[43.658802747, -79.394997088],
[43.65880237, -79.394999016],
[43.658784893, -79.394995328],
[43.658787743, -79.395007063],
[43.658787911, -79.395010499],
[43.658796963, -79.394993736],
[43.658823199, -79.394978564],
[43.658844573, -79.394978564],
[43.658870473, -79.394982671],
[43.658888787, -79.394986611],
[43.658886524, -79.394988706],
[43.658889458, -79.394986359],
[43.658891637, -79.394985521],
[43.658892517, -79.394989293],
[43.658890631, -79.394989209],
[43.658886105, -79.394986779],
[43.658884093, -79.394982923],
[43.658880615, -79.39499558],
[43.658879693, -79.395001279],
[43.658874747, -79.395005973],
[43.658884596, -79.39501578],
[43.658890924, -79.39501578],
[43.658897127, -79.395013852],
[43.658912801, -79.395021061],
[43.658918878, -79.395022569],
[43.658925332, -79.395021731],
[43.658930906, -79.395024246],
[43.6589356, -79.395027515],
[43.658937779, -79.395032292],
[43.658936941, -79.39504059],
[43.658939037, -79.395042686],
[43.658947377, -79.395047883],
[43.658955423, -79.395053918],
[43.658965356, -79.395056935],
[43.658970469, -79.395061294],
[43.658972816, -79.395066826],
[43.658976965, -79.395080656],
[43.658970594, -79.395079902],
[43.658964098, -79.395080237],
[43.658963931, -79.395081829],
[43.658957058, -79.395081159],
[43.658947586, -79.395080321],
[43.658930068, -79.395076465],
[43.658917453, -79.39507395],
[43.658905006, -79.395067832],
[43.65890224, -79.395062635],
[43.658899809, -79.395060456],
[43.658898762, -79.395060875],
[43.658899684, -79.395065736],
[43.658900731, -79.395068586],
[43.658900438, -79.395067915],
[43.658875418, -79.395047715],
[43.65886997, -79.395041931],
[43.658842603, -79.395028269],
[43.658844405, -79.395029191],
[43.658849979, -79.395030197],
[43.658859031, -79.395027431],
[43.658864144, -79.395027179],
[43.658871101, -79.395029442],
[43.658874286, -79.395027012],
[43.658877765, -79.395019636],
[43.658879232, -79.395011924],
[43.658877555, -79.395000273],
[43.658875083, -79.394989628],
[43.658871646, -79.394987784],
[43.658868126, -79.394989712],
[43.65885153, -79.395030448],
[43.6588579, -79.395054923],
[43.658851781, -79.395060456],
[43.658850691, -79.395064227],
[43.658849853, -79.39506473],
[43.658846207, -79.395065066],
[43.65884122, -79.395063389],
[43.658840298, -79.395065988],
[43.65883946, -79.395071184],
[43.658841387, -79.395067412],
[43.658845704, -79.395061797],
[43.658849057, -79.395055845],
[43.658851571, -79.39505023],
[43.658856601, -79.395051403],
[43.658863138, -79.395064814],
[43.658868293, -79.395081746],
[43.658867539, -79.39509742],
[43.658861336, -79.395112842],
[43.658853122, -79.395127343],
[43.658844028, -79.395141509],
[43.658832377, -79.395159027],
[43.658821522, -79.395180233],
[43.658806225, -79.395194063],
[43.658789755, -79.395206217],
[43.658768884, -79.395216024],
[43.6587486, -79.395227004],
[43.658730369, -79.39524251],
[43.658715575, -79.395260699],
[43.658704469, -79.395276625],
[43.658696129, -79.395292718],
[43.658691435, -79.395310404],
[43.658687496, -79.395329682],
[43.658684478, -79.395348542],
[43.658681251, -79.395370251],
[43.658678988, -79.395394391],
[43.658676222, -79.395417273],
[43.658672534, -79.395438982],
[43.658666834, -79.395460608],
[43.658658704, -79.39548064],
[43.658652962, -79.395500757],
[43.658649819, -79.395521963],
[43.658645125, -79.39554384],
[43.658640138, -79.395561442],
[43.658631672, -79.395579798],
[43.658622662, -79.395598406],
[43.658615495, -79.395617852],
[43.658611514, -79.395637466],
[43.658608329, -79.395657415],
[43.658607658, -79.395673089],
[43.658607742, -79.395688176],
[43.658607658, -79.395708041],
[43.658607281, -79.395729248],
[43.658606987, -79.395749364],
[43.658606778, -79.395768978],
[43.658605604, -79.395789513],
[43.65860506, -79.395808289],
[43.658604347, -79.395827316],
[43.658602964, -79.395847013],
[43.658602252, -79.395866459],
[43.658601791, -79.395887246],
[43.658600492, -79.395904765],
[43.658598815, -79.395922199],
[43.658597055, -79.395942064],
[43.658593409, -79.395962264],
[43.658588715, -79.395981543],
[43.658585614, -79.395998726],
[43.658581297, -79.396013646],
[43.65857631, -79.39602823],
[43.658569101, -79.396042815],
[43.658563779, -79.396058656],
[43.658561222, -79.396075169],
[43.658560719, -79.396093693],
[43.65856227, -79.396112971],
[43.658564407, -79.396134177],
[43.658566293, -79.39615421],
[43.658568263, -79.396172063],
[43.658569311, -79.396186145],
[43.658572538, -79.396192851],
[43.658574927, -79.396193856],
[43.658575388, -79.39619679],
[43.658574885, -79.39619964],
[43.658576394, -79.396201568],
[43.658576645, -79.396203412],
[43.658575639, -79.396206513],
[43.658574089, -79.396210369],
[43.658572538, -79.39621456],
[43.658575555, -79.396221433],
[43.658585697, -79.396233335],
[43.658600827, -79.396244651],
[43.658619602, -79.396254039],
[43.658638294, -79.39626066],
[43.658657824, -79.396267533],
[43.658675007, -79.396274742],
[43.65869177, -79.396282537],
[43.658706397, -79.396289997],
[43.658719347, -79.396297876],
[43.658733638, -79.396306845],
[43.658747803, -79.396313634],
[43.658759161, -79.396320256],
[43.658769387, -79.396329057],
[43.6587789, -79.396337606],
[43.658790006, -79.396345988],
[43.658804758, -79.396354538],
[43.658817876, -79.396361327],
[43.658831245, -79.396365602],
[43.658845578, -79.396372894],
[43.658857355, -79.396382785],
[43.658864731, -79.396396531],
[43.65886779, -79.396413462],
[43.658868042, -79.3964314],
[43.658868712, -79.39644875],
[43.658875418, -79.396466939],
[43.658883884, -79.396481104],
[43.658895744, -79.396494012],
[43.658910245, -79.396505412],
[43.658924201, -79.39651262],
[43.658938827, -79.396519829],
[43.658952238, -79.396525361],
[43.658962422, -79.3965293],
[43.6589716, -79.396535587],
[43.658979856, -79.396543801],
[43.658987316, -79.396553524],
[43.658998464, -79.396563163],
[43.659008858, -79.396578334],
[43.659019293, -79.396591075],
[43.659034004, -79.396604654],
[43.659050097, -79.396615801],
[43.659068747, -79.396620998],
[43.659090372, -79.396621501],
[43.659110279, -79.396621585],
[43.659126665, -79.396620663],
[43.659140999, -79.396620579],
[43.659152775, -79.396623848],
[43.659162791, -79.396634074],
[43.659170838, -79.396643881],
[43.659178088, -79.396651005],
[43.659185129, -79.396649748],
[43.659199504, -79.396648072],
[43.659219202, -79.396647485],
[43.659237851, -79.396640444],
[43.659256501, -79.396629129],
[43.659272217, -79.396619238],
[43.659288813, -79.396613622],
[43.659305074, -79.396612784],
[43.659317438, -79.396614209],
[43.659333279, -79.396618903],
[43.65935063, -79.396623178],
[43.659367478, -79.396626949],
[43.659382481, -79.396629296],
[43.659396269, -79.396632062],
[43.659405196, -79.396636924],
[43.659410183, -79.39664078],
[43.659410435, -79.396643629],
[43.659413578, -79.396644468],
[43.65941077, -79.39664497],
[43.659408423, -79.396644216],
[43.659405825, -79.396643378],
[43.659395305, -79.396642456],
[43.659382565, -79.396640025],
[43.659369657, -79.396631727],
[43.659356581, -79.396620495],
[43.659344218, -79.396608258],
[43.659332064, -79.396594428],
[43.659319324, -79.396581687],
[43.659308553, -79.396565761],
[43.659299919, -79.396551848],
[43.659289065, -79.396531144],
[43.659290993, -79.396536509],
[43.65928873, -79.396549584],
[43.65928676, -79.396558553],
[43.65927821, -79.396560732],
[43.659267523, -79.396570707],
[43.659256795, -79.396592667],
[43.659249879, -79.396621166],
[43.659241372, -79.396652933],
[43.659236217, -79.396674894],
[43.659230685, -79.396699537],
[43.659215514, -79.396724682],
[43.659194098, -79.396755528],
[43.659179471, -79.396774387],
[43.659172514, -79.396777907],
[43.659164929, -79.3967738],
[43.659158223, -79.396764916],
[43.659150722, -79.396761395],
[43.65915047, -79.396764832],
[43.659150638, -79.396768939],
[43.659151308, -79.396772962],
[43.65915223, -79.396776902],
[43.659153446, -79.396780757],
[43.659154787, -79.396784613],
[43.659159355, -79.396933476],
[43.659194307, -79.396914784],
[43.659188147, -79.396900786],
[43.659202522, -79.396892237],
[43.659208389, -79.396889303],
[43.659209856, -79.396884106],
[43.659205162, -79.396884693],
[43.659200678, -79.396884106],
[43.659194224, -79.396885196],
[43.659191206, -79.396883519],
[43.659188482, -79.396882933],
[43.659188231, -79.396888046],
[43.659186387, -79.396889974],
[43.659183285, -79.396891566],
[43.659182238, -79.396876982],
[43.65918559, -79.396857116],
[43.659189739, -79.396840269],
[43.659193344, -79.396825517],
[43.659196068, -79.396811435],
[43.659200301, -79.396798778],
[43.659213334, -79.396781176],
[43.659205497, -79.396753768],
[43.659199337, -79.396739518],
[43.659218489, -79.396754606],
[43.659237642, -79.396760557],
[43.659259896, -79.396758126],
[43.659282443, -79.39675997],
[43.659302727, -79.396764748],
[43.659325275, -79.396775561],
[43.659346229, -79.396780925],
[43.659365173, -79.396779751],
[43.65938575, -79.396774219],
[43.659401718, -79.39676743],
[43.659417643, -79.396764916],
[43.659434742, -79.39676852],
[43.659447357, -79.396776483],
[43.659457164, -79.396782518],
[43.659471623, -79.396788636],
[43.659486375, -79.396794755],
[43.65949899, -79.396797353],
[43.659507749, -79.396798192],
[43.659518058, -79.396798108],
[43.659527614, -79.396799281],
[43.659532224, -79.396799784],
[43.659536289, -79.396800203],
[43.659544922, -79.396801125],
[43.659552718, -79.396800622],
[43.65956441, -79.396799617],
[43.65958109, -79.396801712],
[43.659597226, -79.396803388],
[43.659614744, -79.396803891],
[43.659631298, -79.396802299],
[43.659640644, -79.396802299],
[43.65964781, -79.396804059],
[43.659649906, -79.396805987],
[43.65965154, -79.396810765],
[43.659655354, -79.396816464],
[43.659653929, -79.396816464],
[43.659651876, -79.396815039],
[43.65965066, -79.396809675],
[43.659652211, -79.396796012],
[43.659652839, -79.39678059],
[43.659651876, -79.396759551],
[43.659648523, -79.396738513],
[43.659639177, -79.396718144],
[43.659636998, -79.396717474],
[43.659635782, -79.396718731],
[43.659639554, -79.396709343],
[43.659641398, -79.396688473],
[43.65964056, -79.396672044],
[43.659638381, -79.396661315],
[43.659636118, -79.39665176],
[43.659634441, -79.39664254],
[43.6596331, -79.39663332],
[43.659631927, -79.3966241],
[43.659630879, -79.396614879],
[43.659629915, -79.396605659],
[43.659629077, -79.396596607],
