[43.659766582, -79.396479931],
[43.6597862898, -79.3964824457],
[43.6598037927, -79.3964661476],
[43.6597955621, -79.3964587562],
[43.659754336, -79.3964552746],
[43.6597152172, -79.3964532043],
[43.6596935199, -79.3964531567],
[43.6596752827, -79.3964549331],
[43.6596618822, -79.3964551131],
[43.6596507362, -79.3964537449],
[43.6596409691, -79.3964518744],
[43.6596320008, -79.3964518306],
[43.6596252633, -79.3964535944],
[43.6596196285, -79.3964567605],
[43.6596148341, -79.3964613134],
[43.6596054189, -79.3964680193],
[43.6595968361, -79.3964764225],
[43.659588946, -79.3964861815],
[43.6595808893, -79.3964962163],
[43.6595722051, -79.3965061319],
[43.6595624275, -79.3965155039],
[43.659551314, -79.3965249699],
[43.6595388479, -79.3965344246],
[43.6595255977, -79.396543511],
[43.6595117944, -79.396551175],
[43.659497677, -79.396557109],
[43.6594831847, -79.3965613242],
[43.6594681474, -79.396563835],
[43.659453073, -79.3965652879],
[43.6594387794, -79.3965659864],
[43.6594253786, -79.3965661351],
[43.6594127279, -79.3965660315],
[43.6594008125, -79.3965659623],
[43.6593894796, -79.3965661828],
[43.6593788002, -79.3965666179],
[43.6593685894, -79.3965671227],
[43.6593587303, -79.3965673894],
[43.6593496378, -79.3965676182],
[43.659341375, -79.3965680522],
[43.6593337453, -79.3965686627],
[43.6593260349, -79.396569349],
[43.6593178901, -79.3965699603],
[43.6593093937, -79.3965702509],
[43.6593004084, -79.3965699801],
[43.6592910043, -79.3965686427],
[43.6592816415, -79.3965669116],
[43.6592722776, -79.3965652404],
[43.6592627268, -79.3965641184],
[43.659253072, -79.3965638297],
[43.6592431546, -79.3965641869],
[43.6592325487, -79.3965645833],
[43.6592210701, -79.3965643807],
[43.6592086048, -79.3965623612],
[43.6591956422, -79.3965580953],
[43.6591825465, -79.3965517269],
[43.659169276, -79.3965433447],
[43.6591559892, -79.396533599],
[43.6591427581, -79.3965230317],
[43.6591302821, -79.3965117422],
[43.6591183572, -79.3964998567],
[43.6591066286, -79.3964872186],
[43.6590947284, -79.3964744349],
[43.6590813997, -79.396462714],
[43.659066794, -79.3964531933],
[43.659051997, -79.3964452764],
[43.6590373471, -79.3964381219],
[43.6590227974, -79.3964318664],
[43.6590083691, -79.3964265943],
[43.6589941507, -79.3964222641],
[43.6589800071, -79.3964177703],
[43.658966795, -79.3964125553],
[43.6589552055, -79.3964073168],
[43.6589441938, -79.3964017594],
[43.658933093, -79.39639605],
[43.6589222069, -79.3963899874],
[43.658911978, -79.3963834406],
[43.658902681, -79.3963761644],
[43.6588942952, -79.396367746],
[43.6588866958, -79.3963584086],
[43.6588797141, -79.3963480738],
[43.6588731576, -79.3963369441],
[43.6588668833, -79.3963257425],
[43.6588604838, -79.3963144988],
[43.658853106, -79.3963036419],
[43.6588446385, -79.3962934595],
[43.6588357613, -79.3962845073],
[43.6588268099, -79.3962766603],
[43.6588178135, -79.396269415],
[43.6588089852, -79.3962627403],
[43.6588002922, -79.3962569855],
[43.6587913952, -79.3962520547],
[43.6587822887, -79.3962478441],
[43.6587733778, -79.3962443583],
[43.6587648962, -79.3962414098],
[43.6587572959, -79.3962388211],
[43.6587503399, -79.3962354739],
[43.6587450422, -79.3962311537],
[43.6587412457, -79.3962251072],
[43.6587386007, -79.3962166992],
[43.6587368636, -79.3962062513],
[43.6587359435, -79.3961942436],
[43.6587356044, -79.3961807866],
[43.6587355422, -79.3961660106],
[43.6587357448, -79.3961498914],
[43.6587363993, -79.3961326771],
[43.6587375029, -79.396114709],
[43.6587392724, -79.3960964863],
[43.6587416004, -79.3960781307],
[43.6587444145, -79.3960597326],
[43.6587475227, -79.3960412943],
[43.6587507813, -79.3960226172],
[43.6587542476, -79.3960038171],
[43.6587578992, -79.3959849638],
[43.6587615705, -79.395966258],
[43.6587650535, -79.3959477597],
[43.6587683522, -79.3959294957],
[43.6587715813, -79.3959115845],
[43.6587751703, -79.3958943808],
[43.6587794155, -79.3958780546],
[43.6587841667, -79.3958627143],
[43.6587892696, -79.3958480203],
[43.6587944938, -79.3958338303],
[43.6587993965, -79.3958205166],
[43.6588038149, -79.3958084965],
[43.6588076664, -79.3957983861],
[43.6588113185, -79.3957899908],
[43.6588151592, -79.3957840158],
[43.6588188019, -79.3957799187],
[43.6588210216, -79.3957769265],
[43.6588221514, -79.3957746936],
[43.6588219875, -79.3957729784],
[43.6588202616, -79.3957715963],
[43.6588170353, -79.3957709246],
[43.6588124726, -79.3957710263],
[43.6588073296, -79.3957718586],
[43.6588017972, -79.3957732093],
[43.6587964828, -79.3957750124],
[43.6587908789, -79.3957764086],
[43.6587847915, -79.3957770311],
[43.6587780554, -79.3957766201],
[43.6587705187, -79.3957748302],
[43.658762, -79.3957713519],
[43.6587523944, -79.3957660665],
[43.6587417697, -79.3957588346],
[43.6587305471, -79.3957488963],
[43.6587203074, -79.3957369713],
[43.658711782, -79.3957233934],
[43.6587052395, -79.3957081867],
[43.6587007029, -79.395691798],
[43.6586978685, -79.3956743315],
[43.6586963906, -79.3956559197],
[43.6586960836, -79.3956368395],
[43.6586969349, -79.3956171676],
[43.6586988778, -79.3955971897],
[43.6587018748, -79.3955769342],
[43.6587056171, -79.3955564882],
[43.6587097549, -79.3955360413],
[43.6587140509, -79.3955163658],
[43.6587183482, -79.3954974294],
[43.6587227148, -79.3954790936],
[43.6587273692, -79.3954612323],
[43.6587322192, -79.3954433468],
[43.6587372376, -79.3954252185],
[43.658742391, -79.3954068834],
[43.6587471851, -79.3953883046],
[43.658751434, -79.3953698529],
[43.6587550628, -79.3953520027],
[43.6587583163, -79.3953347394],
[43.6587613909, -79.3953178404],
[43.658764444, -79.395301182],
[43.658767848, -79.395284296],
[43.658772025, -79.3952670594],
[43.6587771088, -79.3952497853],
[43.6587829472, -79.3952325856],
[43.6587894774, -79.3952158661],
[43.6587963046, -79.395200066],
[43.6588030897, -79.395185565],
[43.6588096765, -79.3951721059],
[43.6588158214, -79.395159079],
[43.6588213336, -79.3951461999],
[43.6588260122, -79.3951329612],
[43.6588298749, -79.3951195002],
[43.6588328613, -79.395106493],
[43.658834653, -79.3950935938],
[43.658835425, -79.3950814967],
[43.6588357399, -79.3950705268],
[43.658835733, -79.3950607468],
[43.6588359567, -79.3950524822],
[43.6588361307, -79.395045478],
[43.6588364655, -79.3950394911],
[43.6588361456, -79.3950339587],
[43.6588352139, -79.3950289966],
[43.6588338725, -79.3950250016],
[43.6588325163, -79.3950222753],
[43.6588309554, -79.3950207662],
[43.6588291727, -79.3950194214],
[43.6588271357, -79.3950178754],
[43.6588251209, -79.3950161637],
[43.658822967, -79.3950143584],
[43.6588208006, -79.3950129248],
[43.6588188563, -79.3950112936],
[43.6588180954, -79.3950089183],
[43.6588175026, -79.3950069768],
[43.6588167815, -79.3950056199],
[43.6588162019, -79.395004711],
[43.6588156835, -79.3950037331],
[43.6588153734, -79.3950027209],
[43.6588166724, -79.3950023413],
[43.6588184236, -79.3950014823],
[43.6588206745, -79.3950001282],
[43.6588228958, -79.3949990736],
[43.6588256346, -79.3949995303],
[43.6588286061, -79.3949996696],
[43.6588308635, -79.3949991604],
[43.6588323533, -79.394998257],
[43.6588325323, -79.3949954063],
[43.6588307054, -79.394986719],
[43.6588275078, -79.3949735483],
[43.6588249618, -79.3949599911],
[43.6588236136, -79.3949479127],
[43.6588230071, -79.3949379673],
[43.6588216135, -79.394929322],
[43.6588196819, -79.3949212851],
[43.6588172875, -79.394914904],
[43.6588154421, -79.3949097106],
[43.6588143623, -79.3949049828],
[43.6588133085, -79.3949012922],
[43.6588119171, -79.3948989878],
[43.6588103067, -79.3948991908],
[43.6588077416, -79.3949015541],
[43.6588048712, -79.3949049408],
[43.6588019471, -79.3949083252],
[43.6587987935, -79.3949116638],
[43.6587956963, -79.3949156357],
[43.6587931223, -79.3949195554],
[43.6587918533, -79.3949234125],
[43.6587902771, -79.3949228105],
[43.6587877768, -79.3949238823],
[43.6587847594, -79.3949254115],
[43.6587809836, -79.3949283328],
[43.6587771646, -79.3949333061],
[43.6587734337, -79.3949388891],
[43.6587708275, -79.3949449438],
[43.6587693054, -79.3949516161],
[43.6587694437, -79.3949575419],
[43.6587696927, -79.3949634332],
[43.6587701863, -79.3949681394],
[43.658770822, -79.3949720975],
[43.6587726755, -79.3949773475],
[43.6587765271, -79.3949847557],
[43.6587813544, -79.3949937192],
[43.6587864407, -79.3950020537],
[43.6587914022, -79.3950087716],
[43.6587962179, -79.3950136715],
[43.6588005683, -79.3950165802],
[43.6588032325, -79.3950180864],
[43.6588040608, -79.3950187148],
[43.6588026701, -79.395018888],
[43.6588004275, -79.3950193984],
[43.6587981949, -79.395019921],
[43.6587961644, -79.3950191014],
[43.6587945241, -79.3950176385],
[43.6587931386, -79.3950161088],
[43.6587917217, -79.3950146351],
[43.658790227, -79.3950127117],
[43.6587882606, -79.3950100031],
[43.658785728, -79.3950048551],
[43.6587831961, -79.3949974794],
[43.6587824274, -79.3949898485],
[43.6587828014, -79.394982534],
[43.6587826923, -79.3949757453],
[43.658782034, -79.3949691381],
[43.6587806579, -79.3949637193],
[43.6587791184, -79.3949601706],
[43.6587779967, -79.3949579608],
[43.6587771301, -79.3949568361],
[43.6587759352, -79.3949571889],
[43.6587754232, -79.3949584253],
[43.6587750607, -79.3949600198],
[43.6587748034, -79.3949631896],
[43.658774565, -79.3949675679],
[43.6587743088, -79.3949731544],
[43.6587742184, -79.3949789327],
[43.6587742358, -79.3949847572],
[43.6587737874, -79.3949910172],
[43.6587730565, -79.3949975465],
[43.6587721411, -79.3950042145],
[43.6587712024, -79.395008756],
[43.6587696209, -79.3950109963],
[43.6587676359, -79.3950085872],
[43.6587657154, -79.3950053711],
[43.6587635604, -79.395001362],
[43.6587602506, -79.3949982209],
[43.6587575618, -79.3949937829],
[43.6587559095, -79.3949870603],
[43.6587545416, -79.3949809042],
[43.6587534599, -79.3949746369],
[43.6587528466, -79.3949690285],
[43.6587521788, -79.3949644113],
[43.6587512578, -79.3949596448],
[43.6587499728, -79.3949534664],
[43.6587480675, -79.3949464334],
[43.6587454501, -79.3949403305],
[43.6587417977, -79.394937075],
[43.6587376518, -79.3949365426],
[43.6587334547, -79.3949380565],
[43.6587299974, -79.3949415263],
[43.6587277421, -79.3949452863],
[43.658725285, -79.3949514739],
[43.6587219686, -79.3949591022],
[43.6587173327, -79.3949679199],
[43.6587142763, -79.3949728175],
[43.6587124671, -79.3949762213],
[43.6587118664, -79.3949788178],
[43.6587125393, -79.3949807908],
[43.6587140119, -79.3949817818],
[43.6587165682, -79.3949819346],
[43.6587196206, -79.3949813058],
[43.658722807, -79.3949811743],
[43.6587256679, -79.3949808573],
[43.658729026, -79.3949798265],
[43.6587330269, -79.3949774694],
[43.6587378859, -79.3949749802],
[43.6587425004, -79.3949745831],
[43.6587464611, -79.3949748748],
[43.6587498512, -79.3949760472],
[43.6587528182, -79.394977722],
[43.6587560493, -79.3949792077],
[43.6587602171, -79.3949807228],
[43.6587653865, -79.3949820727],
[43.658771105, -79.394983643],
[43.6587764022, -79.3949858643],
[43.6587810667, -79.394988098],
[43.6587829243, -79.3949896265],
[43.6587847554, -79.3949925091],
[43.6587862113, -79.3949955623],
[43.6587884941, -79.3949960936],
[43.658793812, -79.3949944079],
[43.6588013513, -79.3949926551],
[43.6588115039, -79.3949914485],
[43.6588230542, -79.3949907686],
[43.6588331911, -79.3949903756],
[43.6588426361, -79.3949896834],
[43.6588513421, -79.3949889036],
[43.6588592253, -79.3949886376],
[43.6588660143, -79.3949883631],
[43.6588714318, -79.3949878174],
[43.6588758473, -79.3949868749],
[43.6588790105, -79.3949876905],
[43.6588812167, -79.3949892905],
[43.6588819687, -79.3949915621],
[43.6588832586, -79.3949950636],
[43.6588847017, -79.3949983016],
[43.6588864373, -79.3950009603],
[43.6588898411, -79.3950042528],
[43.6588937332, -79.3950074159],
[43.6588981797, -79.3950101607],
[43.6589030127, -79.3950129257],
[43.658908092, -79.3950157715],
[43.6589130652, -79.3950188765],
[43.6589175197, -79.3950226684],
[43.6589218126, -79.3950262629],
[43.658926701, -79.3950300132],
[43.6589320485, -79.3950340202],
[43.6589380071, -79.3950379228],
[43.6589438413, -79.3950419133],
[43.658949171, -79.3950461688],
[43.6589542793, -79.395051753],
[43.6589578293, -79.3950566548],
[43.6589599586, -79.3950610447],
[43.6589616374, -79.3950651204],
[43.6589620586, -79.3950685794],
[43.6589610017, -79.3950714132],
[43.6589575595, -79.3950732662],
[43.6589525503, -79.3950743811],
[43.6589461137, -79.3950743741],
[43.6589396138, -79.3950734644],
[43.6589331647, -79.3950721196],
[43.6589270393, -79.3950707438],
[43.6589215805, -79.3950699462],
[43.6589168631, -79.3950694571],
[43.6589127383, -79.3950688412],
[43.6589060505, -79.3950656736],
[43.6588995348, -79.3950620499],
[43.6588903574, -79.3950570044],
[43.6588824914, -79.3950525467],
[43.6588763758, -79.3950486836],
[43.6588723366, -79.3950449132],
[43.6588696657, -79.3950415634],
[43.6588684215, -79.3950389322],
[43.6588679444, -79.3950363562],
[43.6588681765, -79.3950331692],
[43.6588688044, -79.3950293608],
[43.6588693945, -79.395024484],
[43.6588698585, -79.3950187954],
[43.6588701029, -79.3950135584],
[43.6588701508, -79.3950092851],
[43.6588682357, -79.3950108676],
[43.6588673297, -79.3950157324],
[43.6588656207, -79.3950211342],
[43.6588636977, -79.3950267399],
[43.6588616355, -79.3950321036],
[43.6588591448, -79.3950371913],
[43.658856148, -79.3950417272],
[43.6588532671, -79.3950462863],
[43.6588505661, -79.3950511794],
[43.6588484385, -79.395055161],
[43.6588471972, -79.3950579599],
[43.6588466787, -79.3950594965],
[43.6588467265, -79.3950597682],
[43.6588476163, -79.3950596441],
[43.6588494668, -79.3950606917],
[43.6588519523, -79.395063435],
[43.6588542199, -79.3950678514],
[43.6588555751, -79.3950739023],
[43.6588557818, -79.3950813734],
[43.6588547911, -79.3950901115],
[43.6588523343, -79.3951004265],
[43.6588485792, -79.395112632],
[43.6588430234, -79.395125593],
[43.658835644, -79.3951390052],
[43.658826025, -79.3951524644],
[43.6588144552, -79.3951659928],
[43.6588014137, -79.3951800247],
[43.6587875316, -79.3951947169],
[43.6587734493, -79.3952095961],
[43.6587596733, -79.3952246071],
[43.6587467998, -79.3952399471],
[43.6587349874, -79.395255809],
[43.6587243587, -79.3952721057],
[43.6587148497, -79.3952891698],
[43.6587065363, -79.3953072491],
[43.6586992817, -79.3953261076],
[43.6586928915, -79.3953455628],
[43.6586870231, -79.395365567],
[43.6586812725, -79.3953858377],
[43.6586758541, -79.3954063056],
[43.6586709708, -79.3954270245],
[43.6586662795, -79.3954480102],
[43.6586616374, -79.3954686669],
[43.6586565254, -79.3954890871],
[43.6586508621, -79.3955092822],
[43.6586449072, -79.3955293451],
[43.6586390967, -79.3955492889],
[43.6586335377, -79.3955691518],
[43.6586285547, -79.3955883858],
[43.6586242267, -79.3956069799],
[43.6586205089, -79.3956256245],
[43.6586173355, -79.3956445144],
[43.6586146789, -79.395663513],
[43.6586124913, -79.3956825619],
[43.6586105883, -79.395701784],
[43.6586090222, -79.3957209536],
[43.6586077413, -79.3957401277],
[43.6586066224, -79.3957593989],
[43.6586057045, -79.3957787197],
[43.6586049487, -79.3957982544],
[43.6586041791, -79.3958175659],
[43.658603309, -79.3958366614],
[43.6586023108, -79.395855875],
[43.6586009399, -79.3958752315],
[43.6585990911, -79.3958945695],
[43.6585970113, -79.3959136028],
[43.6585945694, -79.3959320695],
[43.6585917143, -79.3959499774],
[43.6585882019, -79.3959673734],
[43.6585843332, -79.3959844684],
[43.6585805043, -79.3960013827],
[43.658576997, -79.3960183969],
[43.6585740714, -79.3960356155],
[43.6585717797, -79.3960532898],
[43.6585700655, -79.3960712587],
[43.6585689149, -79.3960892335],
[43.6585681784, -79.3961067248],
[43.6585681123, -79.3961228226],
[43.6585685559, -79.3961369105],
[43.6585692022, -79.3961494036],
[43.6585698885, -79.3961604271],
[43.6585708454, -79.3961699795],
[43.658571856, -79.396178164],
[43.658572702, -79.3961852558],
[43.6585732665, -79.39619146],
[43.658573528, -79.3961969291],
[43.6585740756, -79.3962021274],
[43.6585758053, -79.3962078099],
[43.6585792865, -79.3962139753],
[43.6585848721, -79.3962204577],
[43.6585924019, -79.3962269855],
[43.658601831, -79.3962336742],
[43.6586127023, -79.3962405985],
[43.6586248341, -79.3962478039],
[43.6586378145, -79.3962551956],
[43.6586512972, -79.396262787],
[43.6586653445, -79.3962706698],
[43.658679821, -79.3962785],
[43.6586942354, -79.3962862177],
[43.6587083297, -79.3962940759],
[43.6587219072, -79.3963019996],
[43.6587350953, -79.3963099404],
[43.6587483236, -79.3963179289],
[43.6587613626, -79.3963257655],
[43.6587742789, -79.3963331576],
[43.6587872444, -79.3963405273],
[43.658799972, -79.3963482048],
[43.6588119532, -79.3963566616],
[43.6588227166, -79.3963662526],
[43.6588320129, -79.3963770251],
[43.6588400163, -79.3963888118],
[43.6588476198, -79.3964016417],
[43.6588551172, -79.3964149045],
[43.6588629841, -79.3964283717],
[43.6588715514, -79.3964418029],
[43.6588807077, -79.3964546335],
[43.6588905069, -79.3964668748],
[43.6589007773, -79.3964783219],
[43.6589111077, -79.3964887884],
[43.6589213956, -79.3964985912],
[43.6589315638, -79.3965079741],
[43.6589415522, -79.396517135],
[43.658951855, -79.3965260816],
[43.6589623223, -79.3965355777],
[43.6589728818, -79.3965453302],
[43.6589839959, -79.3965554906],
[43.6589957448, -79.3965657827],
[43.6590083823, -79.3965754845],
[43.6590222166, -79.3965840649],
[43.6590369511, -79.3965915736],
[43.6590520814, -79.3965979629],
[43.6590673247, -79.396603413],
[43.6590823482, -79.3966084134],
[43.6590969254, -79.3966138739],
[43.6591107995, -79.3966196951],
[43.6591238737, -79.3966255084],
[43.6591361265, -79.3966302499],
[43.6591485233, -79.3966339629],
[43.6591617181, -79.396636913],
[43.6591754933, -79.3966383975],
[43.6591897948, -79.3966380451],
[43.6592042158, -79.3966362499],
[43.6592188843, -79.3966337234],
[43.6592337886, -79.3966311567],
[43.6592484665, -79.3966288515],
[43.6592634175, -79.3966272128],
[43.6592788321, -79.3966261403],
[43.6592946071, -79.3966255454],
[43.6593104519, -79.3966252708],
[43.6593261567, -79.3966254387],
[43.6593410406, -79.3966263701],
[43.6593545797, -79.396627918],
[43.6593662148, -79.3966299054],
[43.6593764675, -79.3966320378],
[43.6593847135, -79.3966342304],
[43.6593912027, -79.3966362354],
[43.6593960766, -79.3966379542],
[43.6593984806, -79.3966393147],
[43.6593983683, -79.3966401019],
[43.6593959585, -79.3966395837],
[43.6593914695, -79.3966374829],
[43.659385257, -79.3966338098],
[43.65937761, -79.3966285036],
[43.6593687023, -79.3966218547],
[43.6593590291, -79.3966135886],
[43.6593490624, -79.3966041402],
[43.6593386547, -79.3965927966],
[43.6593295732, -79.3965831318],
[43.6593212757, -79.3965761081],
[43.6593138216, -79.396571086],
[43.6593063574, -79.3965671096],
[43.6592986616, -79.3965651572],
[43.6592907657, -79.3965666771],
[43.659283153, -79.3965723019],
[43.6592755659, -79.3965821519],
[43.6592683966, -79.396594594],
[43.6592615292, -79.3966096744],
[43.6592536616, -79.3966271229],
[43.6592440131, -79.3966473327],
[43.6592335446, -79.3966683571],
[43.6592232885, -79.3966879189],
[43.6592131389, -79.3967048499],
[43.6592032371, -79.3967185028],
[43.6591935385, -79.3967297297],
[43.6591850255, -79.3967395567],
[43.6591777076, -79.3967480891],
[43.6591715625, -79.3967553337],
[43.6591665216, -79.3967613859],
[43.6591625361, -79.3967664239],
[43.6591595429, -79.3967706815],
[43.6591578851, -79.3967930531],
[43.6591613909, -79.3968108264],
[43.6591643587, -79.3968249941],
[43.6591693274, -79.3968366315],
[43.6591749123, -79.3968467595],
[43.6591803984, -79.3968552118],
[43.6591849138, -79.3968627775],
[43.6591884639, -79.3968692423],
[43.6591907713, -79.3968747725],
[43.659192302, -79.3968790014],
[43.6591931203, -79.396882118],
[43.6591935728, -79.3968848982],
[43.6591934635, -79.3968869215],
[43.6591926562, -79.396888162],
[43.6591914546, -79.3968865549],
[43.6591904614, -79.396882228],
[43.6591899251, -79.3968763252],
[43.6591898666, -79.3968691213],
[43.659190177, -79.3968607334],
[43.6591911164, -79.3968514194],
[43.659193814, -79.3968406182],
[43.6591954497, -79.396827202],
[43.6591962685, -79.3968131103],
[43.6591995391, -79.3968022534],
[43.6592050492, -79.3967933168],
[43.6592130027, -79.3967851572],
[43.6592232264, -79.3967783675],
[43.6592352188, -79.3967733406],
[43.6592490694, -79.3967708276],
[43.659264354, -79.3967699723],
[43.6592806375, -79.3967697312],
[43.6592979953, -79.3967693899],
[43.6593156849, -79.3967686951],
[43.6593335869, -79.3967681301],
[43.6593517421, -79.3967683868],
[43.6593694972, -79.3967698606],
[43.6593864013, -79.3967720321],
[43.6594029045, -79.3967746733],
[43.659418974, -79.3967777336],
[43.6594343732, -79.3967807983],
[43.6594486773, -79.3967836333],
[43.6594622071, -79.3967861095],
[43.6594749644, -79.3967884191],
[43.659486417, -79.3967905347],
[43.6594966472, -79.3967925128],
[43.6595063849, -79.3967944331],
[43.659515621, -79.3967960741],
[43.659524951, -79.3967973206],
[43.6595350554, -79.3967985399],
[43.6595458627, -79.3967996641],
[43.6595575397, -79.3968005786],
[43.659569906, -79.3968010712],
[43.6595819932, -79.3968014151],
[43.6595935673, -79.3968018915],
[43.6596040326, -79.3968025454],
[43.659613406, -79.396803742],
[43.6596220386, -79.396805561],
[43.6596293096, -79.3968072221],
[43.6596352137, -79.396808549],
[43.6596399155, -79.3968090509],
[43.659643839, -79.3968077116],
[43.6596469244, -79.3968044278],
[43.6596490477, -79.3967986059],
[43.6596500355, -79.3967904379],
[43.659649291, -79.3967802138],
[43.6596479706, -79.3967706632],
[43.6596463692, -79.3967620358],
[43.6596452557, -79.3967529412],
[43.6596444214, -79.3967419908],
[43.6596435454, -79.3967299588],
[43.6596424789, -79.3967177559],
[43.6596412546, -79.3967056752],
[43.6596399789, -79.3966938701],
[43.6596386944, -79.3966824164],
[43.6596374202, -79.3966713658],
[43.6596361843, -79.3966607155],
[43.6596350166, -79.3966504183],
[43.6596339404, -79.396640416],
